726
118
67
144
312
915
761
704
154
271
96
167
184
601
598
325
52
507
38
705
579
737
430
548
930
268
889
652
465
959
925
33
764
419
359
995
961
460
746
477
264
837
229
697
553
495
432
524
492
272
156
195
141
136
124
522
628
278
912
716
827
311
881
254
519
738
123
472
801
370
762
690
140
578
733
179
717
974
671
963
678
826
116
499
82
245
841
411
178
955
319
24
232
782
87
298
537
55
200
455
16
645
541
145
358
341
234
511
943
488
650
456
993
897
842
800
706
481
332
27
310
932
979
629
487
695
509
642
595
689
508
760
836
626
41
829
360
769
177
597
353
459
588
385
218
30
327
861
269
514
109
830
966
233
8
564
550
160
101
853
352
685
608
749
823
812
223
293
340
615
13
168
563
790
569
814
593
637
387
9
860
721
237
728
859
441
253
467
700
735
51
992
94
656
285
973
833
361
851
616
500
50
976
34
644
542
84
315
724
435
1
788
872
905
296
224
766
575
251
244
175
428
266
4
380
785
330
712
748
662
317
426
699
446
464
117
74
36
66
162
451
659
783
20
225
326
65
720
308
334
197
918
299
199
482
19
26
420
78
582
375
114
115
112
485
463
56
120
417
856
908
208
183
401
688
747
350
969
521
322
191
349
968
388
347
362
336
149
219
163
763
230
135
282
607
275
987
103
839
291
765
679
719
775
165
450
99
498
438
520
871
384
663
77
436
216
217
999
984
395
379
246
633
727
259
570
151
702
680
773
606
549
632
916
599
461
850
280
364
576
209
338
543
372
603
525
354
610
121
926
250
351
131
526
194
399
469
61
947
75
739
503
344
28
907
240
18
557
260
2
919
212
958
261
883
348
664
669
46
108
975
951
982
828
256
53
270
174
891
440
811
281
809
846
265
954
483
817
324
284
980
614
95
784
952
592
290
583
822
176
964
527
942
406
832
458
473
732
158
478
303
133
91
770
776
698
546
215
886
86
318
917
923
957
758
249
49
929
164
40
803
906
551
335
609
166
48
534
147
845
172
85
634
242
901
641
683
983
864
568
142
369
909
797
934
205
377
988
937
708
381
754
104
755
83
398
657
161
939
843
343
950
287
468
533
6
840
480
600
243
965
789
413
844
226
639
673
129
153
684
892
321
457
703
222
876
880
587
470
666
948
79
516
981
339
731
289
274
474
434
494
515
31
989
439
971
186
991
900
807
267
910
718
68
445
447
580
622
911
946
185
767
756
300
159
236
741
276
155
816
157
643
7
391
631
328
279
944
248
565
729
383
453
45
239
378
672
986
924
848
180
70
35
126
425
32
88
677
128
734
448
736
431
316
146
786
604
148
390
471
504
89
532
630
693
37
301
538
127
198
479
44
345
914
366
10
882
870
866
273
539
819
170
71
774
389
493
69
307
902
978
98
941
418
394
513
510
125
722
501
618
54
62
21
297
423
545
173
552
42
818
255
396
893
869
90
81
403
43
134
263
314
373
858
444
72
258
972
920
624
913
949
558
885
904
554
884
410
286
422
190
940
590
953
357
220
231
342
132
602
530
196
238
100
752
193
138
213
927
392
204
970
407
990
895
187
838
421
105
857
475
404
815
796
899
743
723
793
574
409
687
382
865
329
424
427
189
572
47
23
596
517
619
528
798
39
535
799
777
956
696
130
636
701
745
862
412
878
647
831
707
443
977
675
584
449
393
670
302
466
414
778
888
429
320
122
512
506
921
555
849
93
60
967
486
171
890
781
713
852
638
247
567
433
181
573
586
313
668
682
214
490
206
518
835
665
262
139
76
868
938
203
221
113
581
540
791
621
559
292
462
658
97
1000
143
825
802
152
750
935
660
374
294
529
962
887
11
742
119
252
804
813
612
577
202
371
674
759
589
686
805
824
416
787
207
59
277
57
405
894
227
80
646
295
653
757
437
102
623
454
617
740
945
725
201
386
150
896
192
356
523
306
635
367
210
605
710
376
985
502
691
874
806
898
337
768
611
594
779
847
476
182
257
875
585
415
188
714
810
928
58
997
931
368
625
547
107
489
820
562
496
365
654
711
333
730
960
346
442
994
667
709
771
484
64
3
561
106
794
29
903
288
531
111
355
715
283
753
452
536
505
497
855
571
751
854
591
363
25
408
655
649
560
211
681
12
692
877
241
323
627
63
402
169
661
648
15
137
780
694
998
304
110
566
491
640
744
867
309
834
331
235
676
305
792
933
92
5
22
400
821
863
922
228
795
620
879
651
808
613
873
556
73
996
14
397
544
17
772
